5000 0.000649357 0.000216195 0.000529956 8.03112e-05 
10000 0.00240015 0.00034189 0.00100692 0.000222898 
15000 0.0024403 0.00102635 0.00232545 0.000360941 
20000 0.00265144 0.000964192 0.00283764 0.000461308 
25000 0.00288582 0.000945662 0.00351932 0.000539406 
30000 0.00385047 0.000957072 0.00405331 0.000613704 
35000 0.0043287 0.00125601 0.00427266 0.00106406 
40000 0.00509547 0.0012698 0.00504743 0.00109561 
45000 0.00560809 0.00142204 0.00571789 0.00127076 
50000 0.00628415 0.00143555 0.00618434 0.00142304 
